{
 "cells": [
  {
   "cell_type": "markdown",
   "id": "fifteen-sailing",
   "metadata": {
    "id": "fifteen-sailing"
   },
   "source": [
    "# Лабораторная работа №1\n",
    "## Выполнил студент группы БСТ2203 Иванов Данила Дмитриевич"
   ]
  },
  {
   "cell_type": "markdown",
   "id": "particular-syndicate",
   "metadata": {
    "id": "particular-syndicate"
   },
   "source": [
    "### Оглавление\n",
    "1. [Задание 1](#Задание-№1)\n",
    "2. [Задание 2](#Задание-№2)\n",
    "3. [Задание 3](#Задание-№3)\n",
    "4. [Вывод](#Вывод)"
   ]
  },
  {
   "cell_type": "markdown",
   "id": "arctic-stocks",
   "metadata": {
    "id": "arctic-stocks"
   },
   "source": [
    "### Задание №1\n",
    "<i> Вызвать функцию print() и передать туда строку Hello, World! </i>"
   ]
  },
  {
   "cell_type": "code",
   "execution_count": 1,
   "id": "caring-truck",
   "metadata": {
    "id": "caring-truck",
    "scrolled": true
   },
   "outputs": [
    {
     "name": "stdout",
     "output_type": "stream",
     "text": [
      "Hello, World!\n"
     ]
    }
   ],
   "source": [
    "print(\"Hello, World!\")"
   ]
  },
  {
   "cell_type": "markdown",
   "id": "maritime-conversation",
   "metadata": {
    "id": "maritime-conversation"
   },
   "source": [
    "### Задание №2\n",
    "Написать генератор случайных матриц(многомерных), который принимает\n",
    "опциональные параметры <b>m</b>, <b>n</b>, <b>min_limit</b>, <b>max_limit</b>, где <b>m</b> и <b>n</b> указывают размер\n",
    "матрицы, а <b>min_lim</b> и <b>max_lim</b> - минимальное и максимальное значение для\n",
    "генерируемого числа."
   ]
  },
  {
   "cell_type": "code",
   "execution_count": 2,
   "id": "built-contact",
   "metadata": {
    "id": "built-contact"
   },
   "outputs": [],
   "source": [
    "import random\n",
    "import time"
   ]
  },
  {
   "cell_type": "code",
   "execution_count": 3,
   "id": "alert-charm",
   "metadata": {
    "id": "alert-charm",
    "outputId": "c95dd9e7-d076-4718-b6fb-25f2e6bc03b9"
   },
   "outputs": [
    {
     "name": "stdout",
     "output_type": "stream",
     "text": [
      "25\n",
      "25\n",
      "-100\n",
      "100\n",
      "[-1, 54, -29, 21, -63, 93, -16, -40, -15, 92, -59, -77, 47, -90, -59, -24, -16, -68, 87, -25, -34, -14, -27, 74, 14]\n",
      "[56, -13, -76, 8, -46, -4, 43, 92, 28, 61, 99, 93, 34, 78, 90, 76, 8, -64, 30, 91, 20, -48, -5, -69, 51]\n",
      "[82, 84, -85, -41, -96, -61, -53, -37, 52, -8, 13, 81, 8, 5, -70, 58, 74, 99, -76, 47, 75, -84, -91, 24, -38]\n",
      "[36, -43, 64, -76, -74, 5, -19, 75, 78, -20, -28, -42, 98, 93, 63, -40, 100, -33, -24, 37, -30, 85, 63, 15, -12]\n",
      "[85, 84, -6, 74, 58, 82, 39, 23, -9, 82, 39, 22, 36, 53, -9, 6, -17, 11, -79, -75, 75, -25, -57, -23, 58]\n",
      "[-57, -83, -21, 93, 8, 20, -21, -48, -75, -79, 40, -39, -58, 13, 47, 32, -18, 89, -96, 28, 53, 63, -95, -24, -42]\n",
      "[75, -90, 15, -83, 36, -74, 13, -39, 68, -12, 14, 80, -1, -13, 62, -18, -81, -91, 30, 1, -57, 91, -33, 46, 62]\n",
      "[-15, 22, -24, 38, -42, -27, -59, 30, -36, -93, -81, -100, -36, -99, 48, -9, -39, 0, 50, -60, -79, -94, 53, 13, 73]\n",
      "[18, -12, -99, -21, 91, -19, 67, -73, -56, -96, 14, 63, 28, 90, -91, -82, 55, -23, -62, 26, 38, 95, 62, 10, -14]\n",
      "[-96, -8, 50, 2, -21, 6, -59, -22, -53, 57, 13, 48, 33, -27, 33, -71, -36, -14, -35, 11, 25, 100, -76, 65, -13]\n",
      "[84, -91, -66, -72, 15, -27, -82, -10, -74, 9, -30, -79, -66, 52, 76, 13, 35, 17, 95, 22, 46, 84, 30, -33, 97]\n",
      "[-9, 46, -13, -24, -1, -14, 20, 22, -74, -14, 77, -1, 85, 34, 35, 37, 69, -31, 25, -20, -46, -55, -91, -17, -77]\n",
      "[71, -4, 4, -66, -45, 92, -52, 100, -2, 98, -16, 48, 24, 44, 35, 64, 88, -87, 29, -1, -96, -13, -8, -11, -71]\n",
      "[-62, -76, 28, 14, 30, 3, -88, 37, 49, -8, -14, -53, 0, -86, -88, 5, -89, 58, -34, -22, 80, -62, -21, 47, -86]\n",
      "[-1, 29, -89, 87, -4, -98, -62, 72, 68, -25, -58, 37, -22, 95, 28, -70, 86, 92, -27, -55, 16, -67, 23, -65, -32]\n",
      "[26, -70, -71, 23, -92, -73, 62, 47, 64, 33, -70, 22, 27, 44, -79, 95, -27, -68, 64, 38, -63, 94, -42, -18, 3]\n",
      "[-2, -68, 100, -48, -20, 70, -24, -97, 21, -81, 24, -99, -23, -38, -59, 4, 98, 97, -84, 88, -42, -90, -55, 2, -38]\n",
      "[47, 75, -33, 20, -87, -15, 0, -31, -49, 8, 20, -25, 21, 88, 6, 53, -72, -34, -38, 92, -44, -25, -100, 81, 40]\n",
      "[1, -33, 54, -31, 37, -94, -41, 94, -67, -57, 39, -38, 39, 45, -92, -39, 16, -73, 66, -77, 61, -32, 21, 29, -14]\n",
      "[-78, -6, -15, 27, 97, 43, 77, 9, -39, 8, 20, 89, -76, -57, 28, -34, -82, 32, 1, 76, -94, -55, 44, 0, 57]\n",
      "[-68, -100, 78, 8, -24, 91, 69, -35, -99, 64, -80, 38, -63, -27, -59, 38, -95, 78, -20, -73, -75, 15, -44, 40, -100]\n",
      "[29, -28, 64, -40, 10, -61, -72, 57, 74, 90, 46, 51, -33, 92, 20, -14, -87, -11, 91, -24, -36, -81, 31, 13, 74]\n",
      "[55, -98, 79, 21, -47, -24, -86, 80, 58, 36, -99, -3, -14, -61, -27, 99, -84, -44, 49, -48, 60, 1, -52, -38, -16]\n",
      "[-28, 29, 28, 42, 23, -15, -98, -52, 45, -32, -88, -87, 59, -47, -50, -97, -76, 93, 95, 17, -44, 10, 95, -90, -55]\n",
      "[-75, -67, 51, -51, -91, 64, 10, 83, 43, -27, 35, 61, -67, -89, 86, -16, -76, -98, -39, -23, 40, 86, 73, 34, 58]\n"
     ]
    }
   ],
   "source": [
    "user_m = int(input())\n",
    "user_n = int(input())\n",
    "user_min_limit = int(input())\n",
    "user_max_limit = int(input())\n",
    "def GenerateMatrix(m, n, min, max):\n",
    "    matrix = []\n",
    "    for i in range(m):\n",
    "        line = [] # Генерируем строки\n",
    "        for j in range(n):\n",
    "            line.append(random.randint(min, max))\n",
    "        matrix.append(line) # Добавляем строки в матрицу\n",
    "    return matrix\n",
    "matrix1 = GenerateMatrix(user_m, user_n, user_min_limit, user_max_limit)\n",
    "for i in range(len(matrix1)):\n",
    "    print(matrix1[i])"
   ]
  },
  {
   "cell_type": "markdown",
   "id": "catholic-roots",
   "metadata": {
    "id": "catholic-roots"
   },
   "source": [
    "### Задание №3\n",
    "Реализовать методы сортировки строк числовой матрицы в соответствии с\n",
    "заданием. Оценить время работы каждого алгоритма сортировки и сравнить его со\n",
    "временем стандартной функции сортировки. Испытания проводить на сгенерированных\n",
    "матрицах."
   ]
  },
  {
   "cell_type": "code",
   "execution_count": 4,
   "id": "opposed-creature",
   "metadata": {
    "id": "opposed-creature"
   },
   "outputs": [],
   "source": [
    "import copy"
   ]
  },
  {
   "cell_type": "code",
   "execution_count": 5,
   "id": "cleared-anniversary",
   "metadata": {
    "id": "cleared-anniversary",
    "outputId": "b7c76c60-4acb-4c14-9bfb-d4f8d71093a1"
   },
   "outputs": [
    {
     "name": "stdout",
     "output_type": "stream",
     "text": [
      "Время = 5.983114242553711 мс\n",
      "[-90, -77, -68, -63, -59, -59, -40, -34, -29, -27, -25, -24, -16, -16, -15, -14, -1, 14, 21, 47, 54, 74, 87, 92, 93]\n",
      "[-76, -69, -64, -48, -46, -13, -5, -4, 8, 8, 20, 28, 30, 34, 43, 51, 56, 61, 76, 78, 90, 91, 92, 93, 99]\n",
      "[-96, -91, -85, -84, -76, -70, -61, -53, -41, -38, -37, -8, 5, 8, 13, 24, 47, 52, 58, 74, 75, 81, 82, 84, 99]\n",
      "[-76, -74, -43, -42, -40, -33, -30, -28, -24, -20, -19, -12, 5, 15, 36, 37, 63, 63, 64, 75, 78, 85, 93, 98, 100]\n",
      "[-79, -75, -57, -25, -23, -17, -9, -9, -6, 6, 11, 22, 23, 36, 39, 39, 53, 58, 58, 74, 75, 82, 82, 84, 85]\n",
      "[-96, -95, -83, -79, -75, -58, -57, -48, -42, -39, -24, -21, -21, -18, 8, 13, 20, 28, 32, 40, 47, 53, 63, 89, 93]\n",
      "[-91, -90, -83, -81, -74, -57, -39, -33, -18, -13, -12, -1, 1, 13, 14, 15, 30, 36, 46, 62, 62, 68, 75, 80, 91]\n",
      "[-100, -99, -94, -93, -81, -79, -60, -59, -42, -39, -36, -36, -27, -24, -15, -9, 0, 13, 22, 30, 38, 48, 50, 53, 73]\n",
      "[-99, -96, -91, -82, -73, -62, -56, -23, -21, -19, -14, -12, 10, 14, 18, 26, 28, 38, 55, 62, 63, 67, 90, 91, 95]\n",
      "[-96, -76, -71, -59, -53, -36, -35, -27, -22, -21, -14, -13, -8, 2, 6, 11, 13, 25, 33, 33, 48, 50, 57, 65, 100]\n",
      "[-91, -82, -79, -74, -72, -66, -66, -33, -30, -27, -10, 9, 13, 15, 17, 22, 30, 35, 46, 52, 76, 84, 84, 95, 97]\n",
      "[-91, -77, -74, -55, -46, -31, -24, -20, -17, -14, -14, -13, -9, -1, -1, 20, 22, 25, 34, 35, 37, 46, 69, 77, 85]\n",
      "[-96, -87, -71, -66, -52, -45, -16, -13, -11, -8, -4, -2, -1, 4, 24, 29, 35, 44, 48, 64, 71, 88, 92, 98, 100]\n",
      "[-89, -88, -88, -86, -86, -76, -62, -62, -53, -34, -22, -21, -14, -8, 0, 3, 5, 14, 28, 30, 37, 47, 49, 58, 80]\n",
      "[-98, -89, -70, -67, -65, -62, -58, -55, -32, -27, -25, -22, -4, -1, 16, 23, 28, 29, 37, 68, 72, 86, 87, 92, 95]\n",
      "[-92, -79, -73, -71, -70, -70, -68, -63, -42, -27, -18, 3, 22, 23, 26, 27, 33, 38, 44, 47, 62, 64, 64, 94, 95]\n",
      "[-99, -97, -90, -84, -81, -68, -59, -55, -48, -42, -38, -38, -24, -23, -20, -2, 2, 4, 21, 24, 70, 88, 97, 98, 100]\n",
      "[-100, -87, -72, -49, -44, -38, -34, -33, -31, -25, -25, -15, 0, 6, 8, 20, 20, 21, 40, 47, 53, 75, 81, 88, 92]\n",
      "[-94, -92, -77, -73, -67, -57, -41, -39, -38, -33, -32, -31, -14, 1, 16, 21, 29, 37, 39, 39, 45, 54, 61, 66, 94]\n",
      "[-94, -82, -78, -76, -57, -55, -39, -34, -15, -6, 0, 1, 8, 9, 20, 27, 28, 32, 43, 44, 57, 76, 77, 89, 97]\n",
      "[-100, -100, -99, -95, -80, -75, -73, -68, -63, -59, -44, -35, -27, -24, -20, 8, 15, 38, 38, 40, 64, 69, 78, 78, 91]\n",
      "[-87, -81, -72, -61, -40, -36, -33, -28, -24, -14, -11, 10, 13, 20, 29, 31, 46, 51, 57, 64, 74, 74, 90, 91, 92]\n",
      "[-99, -98, -86, -84, -61, -52, -48, -47, -44, -38, -27, -24, -16, -14, -3, 1, 21, 36, 49, 55, 58, 60, 79, 80, 99]\n",
      "[-98, -97, -90, -88, -87, -76, -55, -52, -50, -47, -44, -32, -28, -15, 10, 17, 23, 28, 29, 42, 45, 59, 93, 95, 95]\n",
      "[-98, -91, -89, -76, -75, -67, -67, -51, -39, -27, -23, -16, 10, 34, 35, 40, 43, 51, 58, 61, 64, 73, 83, 86, 86]\n"
     ]
    }
   ],
   "source": [
    "# Сортировка выбором\n",
    "# Берётся срез массива, в котором минимальный элемент переносят в самый левый угол\n",
    "# После чего срез уменьшается и цикл повторяется\n",
    "# Время: O(n^2)\n",
    "matrix2 = copy.deepcopy(matrix1)\n",
    "start_time = time.time()\n",
    "for i in range(len(matrix2)): # Проход каждой строки матрицы\n",
    "    for j in range(len(matrix2[i])):\n",
    "        min = j # Индекс j принимается за индекс минимального элемента строки\n",
    "        for k in range(j + 1, len(matrix2[i])): # Проход элементов строки\n",
    "            if matrix2[i][k] < matrix2[i][min]:\n",
    "                min = k\n",
    "        matrix2[i][j], matrix2[i][min] = matrix2[i][min], matrix2[i][j] # Минимальный элемент сдвигается влево\n",
    "print(\"Время = {0} мс\".format((time.time() - start_time)*1000))\n",
    "for i in range(len(matrix2)):\n",
    "    print(matrix2[i])"
   ]
  },
  {
   "cell_type": "code",
   "execution_count": 6,
   "id": "roman-silly",
   "metadata": {
    "id": "roman-silly",
    "outputId": "84666b71-fb68-4c07-d27d-e716af29fcbb",
    "scrolled": true
   },
   "outputs": [
    {
     "name": "stdout",
     "output_type": "stream",
     "text": [
      "Время = 2.991199493408203 мс\n",
      "[-90, -77, -68, -63, -59, -59, -40, -34, -29, -27, -25, -24, -16, -16, -15, -14, -1, 14, 21, 47, 54, 74, 87, 92, 93]\n",
      "[-76, -69, -64, -48, -46, -13, -5, -4, 8, 8, 20, 28, 30, 34, 43, 51, 56, 61, 76, 78, 90, 91, 92, 93, 99]\n",
      "[-96, -91, -85, -84, -76, -70, -61, -53, -41, -38, -37, -8, 5, 8, 13, 24, 47, 52, 58, 74, 75, 81, 82, 84, 99]\n",
      "[-76, -74, -43, -42, -40, -33, -30, -28, -24, -20, -19, -12, 5, 15, 36, 37, 63, 63, 64, 75, 78, 85, 93, 98, 100]\n",
      "[-79, -75, -57, -25, -23, -17, -9, -9, -6, 6, 11, 22, 23, 36, 39, 39, 53, 58, 58, 74, 75, 82, 82, 84, 85]\n",
      "[-96, -95, -83, -79, -75, -58, -57, -48, -42, -39, -24, -21, -21, -18, 8, 13, 20, 28, 32, 40, 47, 53, 63, 89, 93]\n",
      "[-91, -90, -83, -81, -74, -57, -39, -33, -18, -13, -12, -1, 1, 13, 14, 15, 30, 36, 46, 62, 62, 68, 75, 80, 91]\n",
      "[-100, -99, -94, -93, -81, -79, -60, -59, -42, -39, -36, -36, -27, -24, -15, -9, 0, 13, 22, 30, 38, 48, 50, 53, 73]\n",
      "[-99, -96, -91, -82, -73, -62, -56, -23, -21, -19, -14, -12, 10, 14, 18, 26, 28, 38, 55, 62, 63, 67, 90, 91, 95]\n",
      "[-96, -76, -71, -59, -53, -36, -35, -27, -22, -21, -14, -13, -8, 2, 6, 11, 13, 25, 33, 33, 48, 50, 57, 65, 100]\n",
      "[-91, -82, -79, -74, -72, -66, -66, -33, -30, -27, -10, 9, 13, 15, 17, 22, 30, 35, 46, 52, 76, 84, 84, 95, 97]\n",
      "[-91, -77, -74, -55, -46, -31, -24, -20, -17, -14, -14, -13, -9, -1, -1, 20, 22, 25, 34, 35, 37, 46, 69, 77, 85]\n",
      "[-96, -87, -71, -66, -52, -45, -16, -13, -11, -8, -4, -2, -1, 4, 24, 29, 35, 44, 48, 64, 71, 88, 92, 98, 100]\n",
      "[-89, -88, -88, -86, -86, -76, -62, -62, -53, -34, -22, -21, -14, -8, 0, 3, 5, 14, 28, 30, 37, 47, 49, 58, 80]\n",
      "[-98, -89, -70, -67, -65, -62, -58, -55, -32, -27, -25, -22, -4, -1, 16, 23, 28, 29, 37, 68, 72, 86, 87, 92, 95]\n",
      "[-92, -79, -73, -71, -70, -70, -68, -63, -42, -27, -18, 3, 22, 23, 26, 27, 33, 38, 44, 47, 62, 64, 64, 94, 95]\n",
      "[-99, -97, -90, -84, -81, -68, -59, -55, -48, -42, -38, -38, -24, -23, -20, -2, 2, 4, 21, 24, 70, 88, 97, 98, 100]\n",
      "[-100, -87, -72, -49, -44, -38, -34, -33, -31, -25, -25, -15, 0, 6, 8, 20, 20, 21, 40, 47, 53, 75, 81, 88, 92]\n",
      "[-94, -92, -77, -73, -67, -57, -41, -39, -38, -33, -32, -31, -14, 1, 16, 21, 29, 37, 39, 39, 45, 54, 61, 66, 94]\n",
      "[-94, -82, -78, -76, -57, -55, -39, -34, -15, -6, 0, 1, 8, 9, 20, 27, 28, 32, 43, 44, 57, 76, 77, 89, 97]\n",
      "[-100, -100, -99, -95, -80, -75, -73, -68, -63, -59, -44, -35, -27, -24, -20, 8, 15, 38, 38, 40, 64, 69, 78, 78, 91]\n",
      "[-87, -81, -72, -61, -40, -36, -33, -28, -24, -14, -11, 10, 13, 20, 29, 31, 46, 51, 57, 64, 74, 74, 90, 91, 92]\n",
      "[-99, -98, -86, -84, -61, -52, -48, -47, -44, -38, -27, -24, -16, -14, -3, 1, 21, 36, 49, 55, 58, 60, 79, 80, 99]\n",
      "[-98, -97, -90, -88, -87, -76, -55, -52, -50, -47, -44, -32, -28, -15, 10, 17, 23, 28, 29, 42, 45, 59, 93, 95, 95]\n",
      "[-98, -91, -89, -76, -75, -67, -67, -51, -39, -27, -23, -16, 10, 34, 35, 40, 43, 51, 58, 61, 64, 73, 83, 86, 86]\n"
     ]
    }
   ],
   "source": [
    "# Сортировка вставкой\n",
    "# Время: O(n) - лучший случай, O(n^2) - другие\n",
    "matrix3 = copy.deepcopy(matrix1)\n",
    "start_time = time.time()\n",
    "for i in range(len(matrix3)): # Проход строк\n",
    "    for j in range(len(matrix3[i])):\n",
    "        for k in range(j + 1, len(matrix3[i])):\n",
    "            while matrix3[i][j] > matrix3[i][k]: # Переносим меньшие элементы влево\n",
    "                matrix3[i][j], matrix3[i][k] = matrix3[i][k], matrix3[i][j]\n",
    "                k -= 1\n",
    "print(\"Время = {0} мс\".format((time.time() - start_time)*1000))\n",
    "for i in range(len(matrix3)):\n",
    "    print(matrix3[i])"
   ]
  },
  {
   "cell_type": "code",
   "execution_count": 7,
   "id": "vital-implementation",
   "metadata": {
    "id": "vital-implementation",
    "outputId": "7b648bf5-37a5-4d47-926d-b799f7a23be2"
   },
   "outputs": [
    {
     "name": "stdout",
     "output_type": "stream",
     "text": [
      "Время = 6.980419158935547 мс\n",
      "[-90, -77, -68, -63, -59, -59, -40, -34, -29, -27, -25, -24, -16, -16, -15, -14, -1, 14, 21, 47, 54, 74, 87, 92, 93]\n",
      "[-76, -69, -64, -48, -46, -13, -5, -4, 8, 8, 20, 28, 30, 34, 43, 51, 56, 61, 76, 78, 90, 91, 92, 93, 99]\n",
      "[-96, -91, -85, -84, -76, -70, -61, -53, -41, -38, -37, -8, 5, 8, 13, 24, 47, 52, 58, 74, 75, 81, 82, 84, 99]\n",
      "[-76, -74, -43, -42, -40, -33, -30, -28, -24, -20, -19, -12, 5, 15, 36, 37, 63, 63, 64, 75, 78, 85, 93, 98, 100]\n",
      "[-79, -75, -57, -25, -23, -17, -9, -9, -6, 6, 11, 22, 23, 36, 39, 39, 53, 58, 58, 74, 75, 82, 82, 84, 85]\n",
      "[-96, -95, -83, -79, -75, -58, -57, -48, -42, -39, -24, -21, -21, -18, 8, 13, 20, 28, 32, 40, 47, 53, 63, 89, 93]\n",
      "[-91, -90, -83, -81, -74, -57, -39, -33, -18, -13, -12, -1, 1, 13, 14, 15, 30, 36, 46, 62, 62, 68, 75, 80, 91]\n",
      "[-100, -99, -94, -93, -81, -79, -60, -59, -42, -39, -36, -36, -27, -24, -15, -9, 0, 13, 22, 30, 38, 48, 50, 53, 73]\n",
      "[-99, -96, -91, -82, -73, -62, -56, -23, -21, -19, -14, -12, 10, 14, 18, 26, 28, 38, 55, 62, 63, 67, 90, 91, 95]\n",
      "[-96, -76, -71, -59, -53, -36, -35, -27, -22, -21, -14, -13, -8, 2, 6, 11, 13, 25, 33, 33, 48, 50, 57, 65, 100]\n",
      "[-91, -82, -79, -74, -72, -66, -66, -33, -30, -27, -10, 9, 13, 15, 17, 22, 30, 35, 46, 52, 76, 84, 84, 95, 97]\n",
      "[-91, -77, -74, -55, -46, -31, -24, -20, -17, -14, -14, -13, -9, -1, -1, 20, 22, 25, 34, 35, 37, 46, 69, 77, 85]\n",
      "[-96, -87, -71, -66, -52, -45, -16, -13, -11, -8, -4, -2, -1, 4, 24, 29, 35, 44, 48, 64, 71, 88, 92, 98, 100]\n",
      "[-89, -88, -88, -86, -86, -76, -62, -62, -53, -34, -22, -21, -14, -8, 0, 3, 5, 14, 28, 30, 37, 47, 49, 58, 80]\n",
      "[-98, -89, -70, -67, -65, -62, -58, -55, -32, -27, -25, -22, -4, -1, 16, 23, 28, 29, 37, 68, 72, 86, 87, 92, 95]\n",
      "[-92, -79, -73, -71, -70, -70, -68, -63, -42, -27, -18, 3, 22, 23, 26, 27, 33, 38, 44, 47, 62, 64, 64, 94, 95]\n",
      "[-99, -97, -90, -84, -81, -68, -59, -55, -48, -42, -38, -38, -24, -23, -20, -2, 2, 4, 21, 24, 70, 88, 97, 98, 100]\n",
      "[-100, -87, -72, -49, -44, -38, -34, -33, -31, -25, -25, -15, 0, 6, 8, 20, 20, 21, 40, 47, 53, 75, 81, 88, 92]\n",
      "[-94, -92, -77, -73, -67, -57, -41, -39, -38, -33, -32, -31, -14, 1, 16, 21, 29, 37, 39, 39, 45, 54, 61, 66, 94]\n",
      "[-94, -82, -78, -76, -57, -55, -39, -34, -15, -6, 0, 1, 8, 9, 20, 27, 28, 32, 43, 44, 57, 76, 77, 89, 97]\n",
      "[-100, -100, -99, -95, -80, -75, -73, -68, -63, -59, -44, -35, -27, -24, -20, 8, 15, 38, 38, 40, 64, 69, 78, 78, 91]\n",
      "[-87, -81, -72, -61, -40, -36, -33, -28, -24, -14, -11, 10, 13, 20, 29, 31, 46, 51, 57, 64, 74, 74, 90, 91, 92]\n",
      "[-99, -98, -86, -84, -61, -52, -48, -47, -44, -38, -27, -24, -16, -14, -3, 1, 21, 36, 49, 55, 58, 60, 79, 80, 99]\n",
      "[-98, -97, -90, -88, -87, -76, -55, -52, -50, -47, -44, -32, -28, -15, 10, 17, 23, 28, 29, 42, 45, 59, 93, 95, 95]\n",
      "[-98, -91, -89, -76, -75, -67, -67, -51, -39, -27, -23, -16, 10, 34, 35, 40, 43, 51, 58, 61, 64, 73, 83, 86, 86]\n"
     ]
    }
   ],
   "source": [
    "# Сортировка обменом || Сортировка пузырьком\n",
    "# Время: O(n) - лучший случай, O(n^2) - другие\n",
    "matrix4 = copy.deepcopy(matrix1)\n",
    "start_time = time.time()\n",
    "for i in range(len(matrix4)): # Проход строк\n",
    "    for j in range(len(matrix4[i])):\n",
    "        for k in range(len(matrix4[i]) - 1):\n",
    "            if matrix4[i][k] > matrix4[i][k + 1]: # Сравнение соседних пар\n",
    "                matrix4[i][k], matrix4[i][k + 1] = matrix4[i][k + 1], matrix4[i][k]\n",
    "print(\"Время = {0} мс\".format((time.time() - start_time)*1000))\n",
    "for i in range(len(matrix4)):\n",
    "    print(matrix4[i])"
   ]
  },
  {
   "cell_type": "code",
   "execution_count": 8,
   "id": "veterinary-glory",
   "metadata": {
    "id": "veterinary-glory",
    "outputId": "9cc2a9ff-ec7a-43de-e4a8-47945d030986"
   },
   "outputs": [
    {
     "name": "stdout",
     "output_type": "stream",
     "text": [
      "Время = 2.991199493408203 мс\n",
      "[-90, -77, -68, -63, -59, -59, -40, -34, -29, -27, -25, -24, -16, -16, -15, -14, -1, 14, 21, 47, 54, 74, 87, 92, 93]\n",
      "[-69, -64, -76, -48, -46, -13, -5, -4, 8, 8, 20, 28, 30, 34, 43, 51, 56, 61, 76, 78, 90, 91, 92, 93, 99]\n",
      "[-91, -84, -85, -96, -76, -70, -61, -53, -41, -38, -37, -8, 5, 8, 13, 24, 47, 52, 58, 74, 75, 81, 82, 84, 99]\n",
      "[-40, -43, -42, -76, -74, -33, -30, -28, -24, -20, -19, -12, 5, 15, 36, 37, 63, 63, 64, 75, 78, 85, 93, 98, 100]\n",
      "[-79, -75, -57, -25, -23, -17, -9, -9, -6, 6, 11, 22, 23, 36, 39, 39, 53, 58, 58, 74, 75, 82, 82, 84, 85]\n",
      "[-96, -95, -83, -79, -75, -58, -57, -48, -42, -39, -24, -21, -21, -18, 8, 13, 20, 28, 32, 40, 47, 53, 63, 89, 93]\n",
      "[-91, -90, -81, -83, -74, -57, -39, -33, -18, -13, -12, -1, 1, 13, 14, 15, 30, 36, 46, 62, 62, 68, 75, 80, 91]\n",
      "[-99, -100, -94, -93, -81, -79, -60, -59, -42, -39, -36, -36, -27, -24, -15, -9, 0, 13, 22, 30, 38, 48, 50, 53, 73]\n",
      "[-91, -96, -99, -82, -73, -62, -56, -23, -21, -19, -14, -12, 10, 14, 18, 26, 28, 38, 55, 62, 63, 67, 90, 91, 95]\n",
      "[-96, -76, -71, -59, -53, -36, -35, -27, -22, -21, -14, -13, -8, 2, 6, 11, 13, 25, 33, 33, 48, 50, 57, 65, 100]\n",
      "[-66, -91, -82, -79, -74, -72, -66, -33, -30, -27, -10, 9, 13, 15, 17, 22, 30, 35, 46, 52, 76, 84, 84, 95, 97]\n",
      "[-91, -77, -74, -55, -46, -31, -24, -20, -17, -14, -14, -13, -9, -1, -1, 20, 22, 25, 34, 35, 37, 46, 69, 77, 85]\n",
      "[-96, -87, -71, -66, -52, -45, -16, -13, -11, -8, -4, -2, -1, 4, 24, 29, 35, 44, 48, 64, 71, 88, 92, 98, 100]\n",
      "[-89, -88, -88, -86, -86, -76, -62, -62, -53, -34, -22, -21, -14, -8, 0, 3, 5, 14, 28, 30, 37, 47, 49, 58, 80]\n",
      "[-70, -67, -98, -89, -65, -62, -58, -55, -32, -27, -25, -22, -4, -1, 16, 23, 28, 29, 37, 68, 72, 86, 87, 92, 95]\n",
      "[-79, -70, -73, -92, -71, -70, -68, -63, -42, -27, -18, 3, 22, 23, 26, 27, 33, 38, 44, 47, 62, 64, 64, 94, 95]\n",
      "[-90, -99, -97, -84, -81, -68, -59, -55, -48, -42, -38, -38, -24, -23, -20, -2, 2, 4, 21, 24, 70, 88, 97, 98, 100]\n",
      "[-100, -72, -49, -87, -44, -38, -34, -33, -31, -25, -25, -15, 0, 6, 8, 20, 20, 21, 40, 47, 53, 75, 81, 88, 92]\n",
      "[-92, -77, -94, -73, -67, -57, -41, -39, -38, -33, -32, -31, -14, 1, 16, 21, 29, 37, 39, 39, 45, 54, 61, 66, 94]\n",
      "[-94, -82, -78, -76, -57, -55, -39, -34, -15, -6, 0, 1, 8, 9, 20, 27, 28, 32, 43, 44, 57, 76, 77, 89, 97]\n",
      "[-100, -100, -99, -95, -80, -75, -73, -68, -63, -59, -44, -35, -27, -24, -20, 8, 15, 38, 38, 40, 64, 69, 78, 78, 91]\n",
      "[-87, -81, -72, -61, -40, -36, -33, -28, -24, -14, -11, 10, 13, 20, 29, 31, 46, 51, 57, 64, 74, 74, 90, 91, 92]\n",
      "[-84, -99, -98, -86, -61, -52, -48, -47, -44, -38, -27, -24, -16, -14, -3, 1, 21, 36, 49, 55, 58, 60, 79, 80, 99]\n",
      "[-97, -90, -98, -88, -87, -76, -55, -52, -50, -47, -44, -32, -28, -15, 10, 17, 23, 28, 29, 42, 45, 59, 93, 95, 95]\n",
      "[-98, -89, -76, -91, -75, -67, -67, -51, -39, -27, -23, -16, 10, 34, 35, 40, 43, 51, 58, 61, 64, 73, 83, 86, 86]\n"
     ]
    }
   ],
   "source": [
    "# Сортировка Шелла\n",
    "# Время: O(nlog^2(n)) - лучший случай, O(n^2) - худший\n",
    "matrix5 = copy.deepcopy(matrix1)\n",
    "start_time = time.time()\n",
    "for i in range(len(matrix5)): # Проход строк\n",
    "    l = len(matrix5[i]) // 2 # Шаг\n",
    "    while l > 0:\n",
    "        for j in range(len(matrix5[i])):\n",
    "            for k in range(j + l, len(matrix5[i])):\n",
    "                if matrix5[i][j] > matrix5[i][k]: # Сравнение элементов с шагом l\n",
    "                    matrix5[i][j], matrix5[i][k] = matrix5[i][k], matrix5[i][j] \n",
    "            l //= 2\n",
    "print(\"Время = {0} мс\".format((time.time() - start_time)*1000))\n",
    "for i in range(len(matrix5)):\n",
    "    print(matrix5[i])"
   ]
  },
  {
   "cell_type": "code",
   "execution_count": 9,
   "id": "correct-chaos",
   "metadata": {
    "id": "correct-chaos",
    "outputId": "f4d9aef1-8a2f-46a0-def0-4c9e049f5c77"
   },
   "outputs": [
    {
     "name": "stdout",
     "output_type": "stream",
     "text": [
      "Время = 0.0 мс\n",
      "[-90, -77, -68, -63, -59, -59, -40, -34, -29, -27, -25, -24, -16, -16, -15, -14, -1, 14, 21, 47, 54, 74, 87, 92, 93]\n",
      "[-76, -69, -64, -48, -46, -13, -5, -4, 8, 8, 20, 28, 30, 34, 43, 51, 56, 61, 76, 78, 90, 91, 92, 93, 99]\n",
      "[-96, -91, -85, -84, -76, -70, -61, -53, -41, -38, -37, -8, 5, 8, 13, 24, 47, 52, 58, 74, 75, 81, 82, 84, 99]\n",
      "[-76, -74, -43, -42, -40, -33, -30, -28, -24, -20, -19, -12, 5, 15, 36, 37, 63, 63, 64, 75, 78, 85, 93, 98, 100]\n",
      "[-79, -75, -57, -25, -23, -17, -9, -9, -6, 6, 11, 22, 23, 36, 39, 39, 53, 58, 58, 74, 75, 82, 82, 84, 85]\n",
      "[-96, -95, -83, -79, -75, -58, -57, -48, -42, -39, -24, -21, -21, -18, 8, 13, 20, 28, 32, 40, 47, 53, 63, 89, 93]\n",
      "[-91, -90, -83, -81, -74, -57, -39, -33, -18, -13, -12, -1, 1, 13, 14, 15, 30, 36, 46, 62, 62, 68, 75, 80, 91]\n",
      "[-100, -99, -94, -93, -81, -79, -60, -59, -42, -39, -36, -36, -27, -24, -15, -9, 0, 13, 22, 30, 38, 48, 50, 53, 73]\n",
      "[-99, -96, -91, -82, -73, -62, -56, -23, -21, -19, -14, -12, 10, 14, 18, 26, 28, 38, 55, 62, 63, 67, 90, 91, 95]\n",
      "[-96, -76, -71, -59, -53, -36, -35, -27, -22, -21, -14, -13, -8, 2, 6, 11, 13, 25, 33, 33, 48, 50, 57, 65, 100]\n",
      "[-91, -82, -79, -74, -72, -66, -66, -33, -30, -27, -10, 9, 13, 15, 17, 22, 30, 35, 46, 52, 76, 84, 84, 95, 97]\n",
      "[-91, -77, -74, -55, -46, -31, -24, -20, -17, -14, -14, -13, -9, -1, -1, 20, 22, 25, 34, 35, 37, 46, 69, 77, 85]\n",
      "[-96, -87, -71, -66, -52, -45, -16, -13, -11, -8, -4, -2, -1, 4, 24, 29, 35, 44, 48, 64, 71, 88, 92, 98, 100]\n",
      "[-89, -88, -88, -86, -86, -76, -62, -62, -53, -34, -22, -21, -14, -8, 0, 3, 5, 14, 28, 30, 37, 47, 49, 58, 80]\n",
      "[-98, -89, -70, -67, -65, -62, -58, -55, -32, -27, -25, -22, -4, -1, 16, 23, 28, 29, 37, 68, 72, 86, 87, 92, 95]\n",
      "[-92, -79, -73, -71, -70, -70, -68, -63, -42, -27, -18, 3, 22, 23, 26, 27, 33, 38, 44, 47, 62, 64, 64, 94, 95]\n",
      "[-99, -97, -90, -84, -81, -68, -59, -55, -48, -42, -38, -38, -24, -23, -20, -2, 2, 4, 21, 24, 70, 88, 97, 98, 100]\n",
      "[-100, -87, -72, -49, -44, -38, -34, -33, -31, -25, -25, -15, 0, 6, 8, 20, 20, 21, 40, 47, 53, 75, 81, 88, 92]\n",
      "[-94, -92, -77, -73, -67, -57, -41, -39, -38, -33, -32, -31, -14, 1, 16, 21, 29, 37, 39, 39, 45, 54, 61, 66, 94]\n",
      "[-94, -82, -78, -76, -57, -55, -39, -34, -15, -6, 0, 1, 8, 9, 20, 27, 28, 32, 43, 44, 57, 76, 77, 89, 97]\n",
      "[-100, -100, -99, -95, -80, -75, -73, -68, -63, -59, -44, -35, -27, -24, -20, 8, 15, 38, 38, 40, 64, 69, 78, 78, 91]\n",
      "[-87, -81, -72, -61, -40, -36, -33, -28, -24, -14, -11, 10, 13, 20, 29, 31, 46, 51, 57, 64, 74, 74, 90, 91, 92]\n",
      "[-99, -98, -86, -84, -61, -52, -48, -47, -44, -38, -27, -24, -16, -14, -3, 1, 21, 36, 49, 55, 58, 60, 79, 80, 99]\n",
      "[-98, -97, -90, -88, -87, -76, -55, -52, -50, -47, -44, -32, -28, -15, 10, 17, 23, 28, 29, 42, 45, 59, 93, 95, 95]\n",
      "[-98, -91, -89, -76, -75, -67, -67, -51, -39, -27, -23, -16, 10, 34, 35, 40, 43, 51, 58, 61, 64, 73, 83, 86, 86]\n"
     ]
    }
   ],
   "source": [
    "# Быстрая сортировка\n",
    "# Время: O(nlog(n)) - лучший случай, O(n^2) - худший\n",
    "matrix6 = copy.deepcopy(matrix1)\n",
    "def QuickSort(matrix): # Рекурсивная функция\n",
    "    if len(matrix) <= 1: # Если длина 1 то ничего не нужно сортировать\n",
    "        return matrix\n",
    "    higher, equal, lower = [], [], [] # 3 списка\n",
    "    base = matrix[0] # Опорный элемент\n",
    "    for i in range(len(matrix)):\n",
    "        if matrix[i] < base:\n",
    "            lower.append(matrix[i])\n",
    "        elif matrix[i] > base:\n",
    "            higher.append(matrix[i])\n",
    "        else:\n",
    "            equal.append(matrix[i])\n",
    "    return QuickSort(lower) + equal + QuickSort(higher) # Рекурсия\n",
    "start_time = time.time()\n",
    "for i in range(len(matrix6)):\n",
    "    matrix6[i] = QuickSort(matrix6[i])\n",
    "print(\"Время = {0} мс\".format((time.time() - start_time)*1000))\n",
    "for i in range(len(matrix6)):\n",
    "    print(matrix6[i])"
   ]
  },
  {
   "cell_type": "code",
   "execution_count": 10,
   "id": "french-czech",
   "metadata": {
    "colab": {
     "base_uri": "https://localhost:8080/",
     "height": 217
    },
    "executionInfo": {
     "elapsed": 433,
     "status": "error",
     "timestamp": 1645638345253,
     "user": {
      "displayName": "Sergey Simonov",
      "photoUrl": "https://lh3.googleusercontent.com/a-/AOh14GhQdeIfzzsg8bfb7DLHaLzEFH8Ebg2FyuaL9YoQyA=s64",
      "userId": "14094206399671235086"
     },
     "user_tz": -180
    },
    "id": "french-czech",
    "outputId": "7e38b779-8bbf-4955-c3ad-2a6be0ee386a"
   },
   "outputs": [
    {
     "name": "stdout",
     "output_type": "stream",
     "text": [
      "Время = 0.9975433349609375 мс\n",
      "[-90, -77, -68, -63, -59, -59, -40, -34, -29, -27, -25, -24, -16, -16, -15, -14, -1, 14, 21, 47, 54, 74, 87, 92, 93]\n",
      "[-76, -69, -64, -48, -46, -13, -5, -4, 8, 8, 20, 28, 30, 34, 43, 51, 56, 61, 76, 78, 90, 91, 92, 93, 99]\n",
      "[-96, -91, -85, -84, -76, -70, -61, -53, -41, -38, -37, -8, 5, 8, 13, 24, 47, 52, 58, 74, 75, 81, 82, 84, 99]\n",
      "[-76, -74, -43, -42, -40, -33, -30, -28, -24, -20, -19, -12, 5, 15, 36, 37, 63, 63, 64, 75, 78, 85, 93, 98, 100]\n",
      "[-79, -75, -57, -25, -23, -17, -9, -9, -6, 6, 11, 22, 23, 36, 39, 39, 53, 58, 58, 74, 75, 82, 82, 84, 85]\n",
      "[-96, -95, -83, -79, -75, -58, -57, -48, -42, -39, -24, -21, -21, -18, 8, 13, 20, 28, 32, 40, 47, 53, 63, 89, 93]\n",
      "[-91, -90, -83, -81, -74, -57, -39, -33, -18, -13, -12, -1, 1, 13, 14, 15, 30, 36, 46, 62, 62, 68, 75, 80, 91]\n",
      "[-100, -99, -94, -93, -81, -79, -60, -59, -42, -39, -36, -36, -27, -24, -15, -9, 0, 13, 22, 30, 38, 48, 50, 53, 73]\n",
      "[-99, -96, -91, -82, -73, -62, -56, -23, -21, -19, -14, -12, 10, 14, 18, 26, 28, 38, 55, 62, 63, 67, 90, 91, 95]\n",
      "[-96, -76, -71, -59, -53, -36, -35, -27, -22, -21, -14, -13, -8, 2, 6, 11, 13, 25, 33, 33, 48, 50, 57, 65, 100]\n",
      "[-91, -82, -79, -74, -72, -66, -66, -33, -30, -27, -10, 9, 13, 15, 17, 22, 30, 35, 46, 52, 76, 84, 84, 95, 97]\n",
      "[-91, -77, -74, -55, -46, -31, -24, -20, -17, -14, -14, -13, -9, -1, -1, 20, 22, 25, 34, 35, 37, 46, 69, 77, 85]\n",
      "[-96, -87, -71, -66, -52, -45, -16, -13, -11, -8, -4, -2, -1, 4, 24, 29, 35, 44, 48, 64, 71, 88, 92, 98, 100]\n",
      "[-89, -88, -88, -86, -86, -76, -62, -62, -53, -34, -22, -21, -14, -8, 0, 3, 5, 14, 28, 30, 37, 47, 49, 58, 80]\n",
      "[-98, -89, -70, -67, -65, -62, -58, -55, -32, -27, -25, -22, -4, -1, 16, 23, 28, 29, 37, 68, 72, 86, 87, 92, 95]\n",
      "[-92, -79, -73, -71, -70, -70, -68, -63, -42, -27, -18, 3, 22, 23, 26, 27, 33, 38, 44, 47, 62, 64, 64, 94, 95]\n",
      "[-99, -97, -90, -84, -81, -68, -59, -55, -48, -42, -38, -38, -24, -23, -20, -2, 2, 4, 21, 24, 70, 88, 97, 98, 100]\n",
      "[-100, -87, -72, -49, -44, -38, -34, -33, -31, -25, -25, -15, 0, 6, 8, 20, 20, 21, 40, 47, 53, 75, 81, 88, 92]\n",
      "[-94, -92, -77, -73, -67, -57, -41, -39, -38, -33, -32, -31, -14, 1, 16, 21, 29, 37, 39, 39, 45, 54, 61, 66, 94]\n",
      "[-94, -82, -78, -76, -57, -55, -39, -34, -15, -6, 0, 1, 8, 9, 20, 27, 28, 32, 43, 44, 57, 76, 77, 89, 97]\n",
      "[-100, -100, -99, -95, -80, -75, -73, -68, -63, -59, -44, -35, -27, -24, -20, 8, 15, 38, 38, 40, 64, 69, 78, 78, 91]\n",
      "[-87, -81, -72, -61, -40, -36, -33, -28, -24, -14, -11, 10, 13, 20, 29, 31, 46, 51, 57, 64, 74, 74, 90, 91, 92]\n",
      "[-99, -98, -86, -84, -61, -52, -48, -47, -44, -38, -27, -24, -16, -14, -3, 1, 21, 36, 49, 55, 58, 60, 79, 80, 99]\n",
      "[-98, -97, -90, -88, -87, -76, -55, -52, -50, -47, -44, -32, -28, -15, 10, 17, 23, 28, 29, 42, 45, 59, 93, 95, 95]\n",
      "[-98, -91, -89, -76, -75, -67, -67, -51, -39, -27, -23, -16, 10, 34, 35, 40, 43, 51, 58, 61, 64, 73, 83, 86, 86]\n"
     ]
    }
   ],
   "source": [
    "# Турнирная сортировка\n",
    "# Время: O(nlog^2(n))\n",
    "matrix7 = copy.deepcopy(matrix1)\n",
    "def Stack(matrix, StackSize, seed): # Обработка куч\n",
    "    max = seed\n",
    "    left = (2 * seed) + 1 # Индексы левого и правого края кучи\n",
    "    right = (2 * seed) + 2\n",
    "    if left < StackSize and matrix[left] > matrix[max]: # Проверка левого и правого краев\n",
    "        max = left\n",
    "    if right < StackSize and matrix[right] > matrix[max]:\n",
    "        max = right\n",
    "    if max != seed:\n",
    "        matrix[seed], matrix[max] = matrix[max], matrix[seed]\n",
    "        Stack(matrix, StackSize, max) # Рекурсия\n",
    "def TournamentSort(matrix):\n",
    "    n = len(matrix)\n",
    "    for i in range(n, -1, -1):\n",
    "        Stack(matrix, n, i)\n",
    "    for i in range(n - 1, 0, -1): # Сортировка\n",
    "        matrix[i], matrix[0] = matrix[0], matrix[i]\n",
    "        Stack(matrix, i, 0)\n",
    "start_time = time.time()\n",
    "for i in range(len(matrix7)):\n",
    "    TournamentSort(matrix7[i])\n",
    "print(\"Время = {0} мс\".format((time.time() - start_time)*1000))\n",
    "for i in range(len(matrix7)):\n",
    "    print(matrix7[i])"
   ]
  },
  {
   "cell_type": "code",
   "execution_count": 11,
   "id": "d71c2be7",
   "metadata": {
    "scrolled": true
   },
   "outputs": [
    {
     "name": "stdout",
     "output_type": "stream",
     "text": [
      "Время = 0.0 мс\n",
      "[-90, -77, -68, -63, -59, -59, -40, -34, -29, -27, -25, -24, -16, -16, -15, -14, -1, 14, 21, 47, 54, 74, 87, 92, 93]\n",
      "[-76, -69, -64, -48, -46, -13, -5, -4, 8, 8, 20, 28, 30, 34, 43, 51, 56, 61, 76, 78, 90, 91, 92, 93, 99]\n",
      "[-96, -91, -85, -84, -76, -70, -61, -53, -41, -38, -37, -8, 5, 8, 13, 24, 47, 52, 58, 74, 75, 81, 82, 84, 99]\n",
      "[-76, -74, -43, -42, -40, -33, -30, -28, -24, -20, -19, -12, 5, 15, 36, 37, 63, 63, 64, 75, 78, 85, 93, 98, 100]\n",
      "[-79, -75, -57, -25, -23, -17, -9, -9, -6, 6, 11, 22, 23, 36, 39, 39, 53, 58, 58, 74, 75, 82, 82, 84, 85]\n",
      "[-96, -95, -83, -79, -75, -58, -57, -48, -42, -39, -24, -21, -21, -18, 8, 13, 20, 28, 32, 40, 47, 53, 63, 89, 93]\n",
      "[-91, -90, -83, -81, -74, -57, -39, -33, -18, -13, -12, -1, 1, 13, 14, 15, 30, 36, 46, 62, 62, 68, 75, 80, 91]\n",
      "[-100, -99, -94, -93, -81, -79, -60, -59, -42, -39, -36, -36, -27, -24, -15, -9, 0, 13, 22, 30, 38, 48, 50, 53, 73]\n",
      "[-99, -96, -91, -82, -73, -62, -56, -23, -21, -19, -14, -12, 10, 14, 18, 26, 28, 38, 55, 62, 63, 67, 90, 91, 95]\n",
      "[-96, -76, -71, -59, -53, -36, -35, -27, -22, -21, -14, -13, -8, 2, 6, 11, 13, 25, 33, 33, 48, 50, 57, 65, 100]\n",
      "[-91, -82, -79, -74, -72, -66, -66, -33, -30, -27, -10, 9, 13, 15, 17, 22, 30, 35, 46, 52, 76, 84, 84, 95, 97]\n",
      "[-91, -77, -74, -55, -46, -31, -24, -20, -17, -14, -14, -13, -9, -1, -1, 20, 22, 25, 34, 35, 37, 46, 69, 77, 85]\n",
      "[-96, -87, -71, -66, -52, -45, -16, -13, -11, -8, -4, -2, -1, 4, 24, 29, 35, 44, 48, 64, 71, 88, 92, 98, 100]\n",
      "[-89, -88, -88, -86, -86, -76, -62, -62, -53, -34, -22, -21, -14, -8, 0, 3, 5, 14, 28, 30, 37, 47, 49, 58, 80]\n",
      "[-98, -89, -70, -67, -65, -62, -58, -55, -32, -27, -25, -22, -4, -1, 16, 23, 28, 29, 37, 68, 72, 86, 87, 92, 95]\n",
      "[-92, -79, -73, -71, -70, -70, -68, -63, -42, -27, -18, 3, 22, 23, 26, 27, 33, 38, 44, 47, 62, 64, 64, 94, 95]\n",
      "[-99, -97, -90, -84, -81, -68, -59, -55, -48, -42, -38, -38, -24, -23, -20, -2, 2, 4, 21, 24, 70, 88, 97, 98, 100]\n",
      "[-100, -87, -72, -49, -44, -38, -34, -33, -31, -25, -25, -15, 0, 6, 8, 20, 20, 21, 40, 47, 53, 75, 81, 88, 92]\n",
      "[-94, -92, -77, -73, -67, -57, -41, -39, -38, -33, -32, -31, -14, 1, 16, 21, 29, 37, 39, 39, 45, 54, 61, 66, 94]\n",
      "[-94, -82, -78, -76, -57, -55, -39, -34, -15, -6, 0, 1, 8, 9, 20, 27, 28, 32, 43, 44, 57, 76, 77, 89, 97]\n",
      "[-100, -100, -99, -95, -80, -75, -73, -68, -63, -59, -44, -35, -27, -24, -20, 8, 15, 38, 38, 40, 64, 69, 78, 78, 91]\n",
      "[-87, -81, -72, -61, -40, -36, -33, -28, -24, -14, -11, 10, 13, 20, 29, 31, 46, 51, 57, 64, 74, 74, 90, 91, 92]\n",
      "[-99, -98, -86, -84, -61, -52, -48, -47, -44, -38, -27, -24, -16, -14, -3, 1, 21, 36, 49, 55, 58, 60, 79, 80, 99]\n",
      "[-98, -97, -90, -88, -87, -76, -55, -52, -50, -47, -44, -32, -28, -15, 10, 17, 23, 28, 29, 42, 45, 59, 93, 95, 95]\n",
      "[-98, -91, -89, -76, -75, -67, -67, -51, -39, -27, -23, -16, 10, 34, 35, 40, 43, 51, 58, 61, 64, 73, 83, 86, 86]\n"
     ]
    }
   ],
   "source": [
    "# Сортировка встроенным методом\n",
    "matrix8 = copy.deepcopy(matrix1)\n",
    "start_time = time.time()\n",
    "for i in range(len(matrix8)):\n",
    "    matrix8[i].sort()\n",
    "print(\"Время = {0} мс\".format((time.time() - start_time)*1000))\n",
    "for i in range(len(matrix8)):\n",
    "    print(matrix8[i])"
   ]
  },
  {
   "cell_type": "markdown",
   "id": "rental-jerusalem",
   "metadata": {
    "id": "rental-jerusalem"
   },
   "source": [
    "### Вывод\n"
   ]
  },
  {
   "cell_type": "markdown",
   "id": "9d108a0a",
   "metadata": {
    "id": "9d108a0a"
   },
   "source": [
    "В результате данной лабораторной работы было выведено сообщение \"Hello, World!\", реализована генерация матрицы, а также создано 7 алгоритмов сортировки. Дольше всех работала сортировка Шелла и обмена, меньше всех встроенная сортировка."
   ]
  }
 ],
 "metadata": {
  "colab": {
   "provenance": []
  },
  "kernelspec": {
   "display_name": "Python 3 (ipykernel)",
   "language": "python",
   "name": "python3"
  },
  "language_info": {
   "codemirror_mode": {
    "name": "ipython",
    "version": 3
   },
   "file_extension": ".py",
   "mimetype": "text/x-python",
   "name": "python",
   "nbconvert_exporter": "python",
   "pygments_lexer": "ipython3",
   "version": "3.9.13"
  }
 },
 "nbformat": 4,
 "nbformat_minor": 5
}
